T0 = 100;
alpha = 0.95;
real: [pi/2 pi/2 0]
S0: [-pi/4 -pi/4 0]
estimated: [-0.782568237973781;-0.785398163397448;-1.591096997713889]