T0 = 150;
alpha = 0.95;
real: [pi/2 pi/3 0] + [20 10 10]
S0: [-pi/2 0 0]
estimated: [-1.664960791440383;0;-1.056964739512649]