T0 = 100;
alpha = 0.95;
real: [pi/2 pi/2 0]
S0: [-pi/4 -pi/4 0]
estimated: [-0.109960234487563;-1.415895472787925;-1.617850476146290]